10 10 10 10 10 10 10 10 10 10 10 10 10 10 10 10 10 10 10 10 10 10 10 10
 5  6  7  8  9 10 11 12 13 14 15 16 16 15 14 13 12 11 10  9  8  7  6  5
10 10 10 10 10 10 10 10 10 10 10 10 10 10 10 10 10 10 10 10 10 10 10 10
10  9  8  7  7  8  9 10 11 12 13 14 15 16 17 18 17 16 15 14 13 12 11 10
10 10 10 10 10 10 10 10 10 10 10 10 10 10 10 10 10 10 10 10 10 10 10 10
10 11 12 13 14 15 16 17 18 17 16 15 14 13 12 11 10  9  8  7  7  8  9 10
10 10 10 10 10 10 10 10 10 10 10 10 10 10 10 10 10 10 10 10 10 10 10 10
10 11 12 13 13 12 11 10  9  8  7  6  5  4  3  2  3  4  5  6  7  8  9 10
10 10 10 10 10 10 10 10 10 10 10 10 10 10 10 10 10 10 10 10 10 10 10 10
10  9  8  7  6  5  4  3  2  3  4  5  6  7  8  9 10 11 12 13 13 12 11 10
0 2 3 3 2
2 0 2 3 3
3 2 0 2 3
3 3 2 0 2
2 3 3 2 0
