0.03968
-0.86914
-0.01198
0.12156
0.70736
0.4537
0.70964
-0.61368
0.03056
-0.00296
-0.25136
0.34092
-0.28774
-0.59128
-0.39798
0.8682
-0.03348
-1.93492
0
-0.79256
-1.75834
-0.31574
-0.98684
-0.53138
1.86594
0.02812
-0.2995
-0.16496
-0.18862
-0.69458
0
0
0
0
0
0
0
0
0
0
0
0
0
0
0
0
0
0
0
0
0
0
0
0
0
0
0
0
0
0
0
0
0
0
0
0
0
0
0
0
0
0
0
0
0
0
0
0
0
0
0
0
0
0
0
0
0
0
0
0
0
0
0
0
0
0
0
0
0
0
0
0
0
0
0
0
0
0
0
0
0
0
0
0
0
0
0
0
0
0
0
0
0
0
0
0
0
0
0
0
0
0
0
0
0
0
0
0
0
0
0
0
0
0
0
0
0
0
0
0
0
0
0
0
0
0
0
0
0
0
0
0
0
0
0
0
0
0
0
0
0
0
0
0
0
0
0
0
0
0
0.348
-0.316
-0.93
-0.102
0.092
0.896
-0.006
-0.494
-0.551
-0.709
-1.936
-0.064
1.16
-1.16
1.856
0.384
-1.78
-0.088
-0.299
-0.628
-1.662
-0.27
-1.068
-0
1.068
-1.698
-0.888
0.942
-0.939
-0.201
0
0
0
0
0
0
0
0
0
0
0
0
0
0
0
0
0
0
0
0
0
0
0
0
0
0
0
0
0
0
